width: 200 height: 200
11111111111111111111111111111111111111111111111111111111111111111111111111111111111111111111111111111111111111111111111111111111111111111111111111111111111111111111111111111111111111
1                                                                                                                                                                                    1
1                                                                                                                                                                                    1
1                                                                                                                                                                                    1
1                                                                                                                                                                                    1
1                                                                                                                                                                                    1
1                                                                                                                                                                                    1
1                                                                                                                                                                                    1
1                                                                                                                                                                                    1
1                                                                                                                                                                                    1
1                                                                                                                                            5555555555555555555555555555555         1
1                                                                                                              1111111111                   51111111111                              1
1                                                                                                              1111111111                  5 1111111111                              1
1                                                                                                              1111111111                 5  1111111111                              1
1                                                                                                              1111111111                5   1111111111                              1
1                                                                                                              1111111111               5    1111111111                              1
1                                                                                                              1111111111              5     1111111111                              1
1                                                                                                              1111111111             5      1111111111                              1
1                                                                                                              1111111111            5       1111111111                              1
1                                                                                                              1111111111           5        1111111111                              1
1                                                                                                              1111111111          5         1111111111                              1
1          111111111111111111111111111111111111111111111111111111111111                                        1111111111         5          1111111111                              1
1          111111111111111111111111111111111111111111111111111111111111                                        1111111111        5           1111111111                              1
1          111111111111111111111111111111111111111111111111111111111111                                        1111111111       5            1111111111                              1
1          111111111111111111111111111111111111111111111111111111111111                                        1111111111      5             1111111111                              1
1          111111111111111111111111111111111111111111111111111111111111                                        1111111111     5              1111111111                              1
1          111111111111111111111111111111111111111111111111111111111111                                        1111111111    5               1111111111                              1
1          111111111111111111111111111111111111111111111111111111111111                                        1111111111   5                1111111111                              1
1          111111111111111111111111111111111111111111111111111111111111                                        1111111111  5                 1111111111                              1
1          111111111111111111111111111111111111111111111111111111111111                                        1111111111 5                  1111111111                              1
1          111111111111111111111111111111111111111111111111111111111111                                        11111111115                   1111111111                              1
1          1111111111                    1111111111                              11111111111111111111111111111111111111115                   1111111111                              1
1          1111111111                    1111111111                              11111111111111111111111111111111111111115                   1111111111                              1
1          1111111111                    1111111111                              11111111111111111111111111111111111111115                   1111111111                              1
1          1111111111                    1111111111                              11111111111111111111111111111111111111115                   1111111111                              1
1          1111111111                    1111111111                              11111111111111111111111111111111111111115                   1111111111                              1
1          1111111111                    1111111111                              11111111111111111111111111111111111111115                   1111111111                              1
1          1111111111                    1111111111                              11111111111111111111111111111111111111115                   1111111111                              1
1          1111111111                    1111111111                              11111111111111111111111111111111111111115                   1111111111                              1
1          1111111111                    1111111111                              11111111111111111111111111111111111111115                   1111111111                              1
1          1111111111                    1111111111                              11111111111111111111111111111111111111115                   1111111111                              1
111111111111111111111                    1111111111                                                                     5                                                            1
111111111111111111111                    1111111111                                                                    5                                                             1
111111111111111111111                    1111111111                                                                   5                                                              1
111111111111111111111                    1111111111                                                                  5                                                               1
111111111111111111111                    1111111111                                                                 5                                                                1
111111111111111111111                    1111111111                                                                5                                                                 1
111111111111111111111                    1111111111                                                               5                                                                  1
111111111111111111111                    1111111111                                                              5                                                                   1
111111111111111111111                    1111111111                                                             5                                                                    1
111111111111111111111           5        1111111111                                                            5                                                                     1
1                              5         1111111111                                                           511111111111111111111111111111111111111111111111111                    1
1                              5         1111111111                                                          5 11111111111111111111111111111111111111111111111111                    1
1                              5         1111111111                                                         5  11111111111111111111111111111111111111111111111111                    1
1                              5         1111111111                                                        5   11111111111111111111111111111111111111111111111111                    1
1                              5         1111111111                                                       5    11111111111111111111111111111111111111111111111111                    1
1                              5         1111111111                                                      5     11111111111111111111111111111111111111111111111111                    1
1                              5         1111111111                                                     5      11111111111111111111111111111111111111111111111111                    1
1                              5         1111111111                                                    5       11111111111111111111111111111111111111111111111111                    1
1                              5         1111111111                                                   5        11111111111111111111111111111111111111111111111111                    1
1                              5         1111111111                                                  5         11111111111111111111111111111111111111111111111111                    1
1          111111111111111111115         111111111111111111111111111111                             5          1111111111                                                            1
1          111111111111111111115         111111111111111111111111111111                            5           1111111111                                                            1
1          111111111111111111115         111111111111111111111111111111                           5            1111111111                                                            1
1          111111111111111111115         111111111111111111111111111111                          5             1111111111                                                            1
1          111111111111111111115         111111111111111111111111111111                         5              1111111111                                                            1
1          111111111111111111115         111111111111111111111111111111                        5               1111111111                                                            1
1          111111111111111111115         111111111111111111111111111111                       5                1111111111                                                            1
1          111111111111111111115         111111111111111111111111111111                      5                 1111111111                                                            1
1          111111111111111111115         111111111111111111111111111111                     5                  1111111111                                                            1
1          111111111111111111115         111111111111111111111111111111                    5                   1111111111                                                            1
1          111111111111111111115         111111111111111111111111111111                   5                    1111111111                                                            1
1          111111111111111111115         111111111111111111111111111111                  5                     1111111111                                                            1
1          111111111111111111115         111111111111111111111111111111                 5                      1111111111                                                            1
1          111111111111111111115         111111111111111111111111111111                5                       1111111111                                                            1
1          111111111111111111115         111111111111111111111111111111               5                        1111111111                                                            1
1          111111111111111111115         111111111111111111111111111111              5                         1111111111                                                            1
1          111111111111111111115         111111111111111111111111111111             5                          1111111111                                                            1
1          111111111111111111115         111111111111111111111111111111            5                           1111111111                                                            1
1          111111111111111111115         111111111111111111111111111111           5                            1111111111                                                            1
1          111111111111111111115         111111111111111111111111111111          5                             1111111111                                                            1
1                             5          111111111111111111111111111111         5                              1111111111                                                            1
1                            5           111111111111111111111111111111        5                               1111111111                                                            1
1                           5            111111111111111111111111111111       5                                1111111111                                                            1
1                          5             111111111111111111111111111111      5                                 1111111111                                                            1
1                         5              111111111111111111111111111111     5                                  1111111111                                                            1
1                        5               111111111111111111111111111111    5                                   1111111111                                                            1
1                       5                111111111111111111111111111111   5                                    1111111111                                                            1
1                      5                 111111111111111111111111111111  5                                     1111111111                                                            1
1                     5                  111111111111111111111111111111 5                                      1111111111                                                            1
1                    5                   111111111111111111111111111111 5                                      1111111111                                                            1
1                   5                    111111111111111111111111111111 5                  1111111111111111111111111111111111111111111111111111111111111111111111                    1
1                   5                    111111111111111111111111111111 5                  1111111111111111111111111111111111111111111111111111111111111111111111                    1
1                   5                    111111111111111111111111111111 5                  1111111111111111111111111111111111111111111111111111111111111111111111                    1
1                   5                    111111111111111111111111111111 5                  1111111111111111111111111111111111111111111111111111111111111111111111                    1
1                   5                    111111111111111111111111111111 5                  1111111111111111111111111111111111111111111111111111111111111111111111                    1
1                   5                    111111111111111111111111111111 5                  1111111111111111111111111111111111111111111111111111111111111111111111                    1
1                   5                    111111111111111111111111111111 5                  1111111111111111111111111111111111111111111111111111111111111111111111                    1
1                   5                    111111111111111111111111111111 5                  1111111111111111111111111111111111111111111111111111111111111111111111                    1
1                   5                    111111111111111111111111111111 5                  1111111111111111111111111111111111111111111111111111111111111111111111                    1
1                   5                    111111111111111111111111111111 5                  1111111111111111111111111111111111111111111111111111111111111111111111                    1
1                   5111111111111111111111111111111          1111111111 5                                                1111111111                                                  1
1                   5111111111111111111111111111111          1111111111 5                                                1111111111                                                  1
1                   5111111111111111111111111111111          1111111111 5                                                1111111111                                                  1
1                   5111111111111111111111111111111          1111111111 5                                                1111111111                                                  1
1                   5111111111111111111111111111111          1111111111 5                                                1111111111                                                  1
1                   5111111111111111111111111111111          1111111111 5                                                1111111111                                                  1
1                   5111111111111111111111111111111          1111111111 5                                                1111111111                                                  1
1                   5111111111111111111111111111111          1111111111 5                                                1111111111                                                  1
1                   5111111111111111111111111111111          1111111111 5                                                1111111111                                                  1
1                   5111111111111111111111111111111          1111111111 5                                                1111111111                                                  1
1                   51111111111                                         5                                                1111111111                                                  1
1                   51111111111                                         5                                                1111111111                                                  1
1                   51111111111                                         5                                                1111111111                                                  1
1                   51111111111                                         5                                                1111111111                                                  1
1                   51111111111                                         5                                                1111111111                                                  1
1                   51111111111                                         5                                                1111111111                                                  1
1                   51111111111                                         5                                                1111111111                                                  1
1                   51111111111                                         5                                                1111111111                                                  1
1                   51111111111                                         5                                                1111111111                                                  1
1                   51111111111                                         5                                                1111111111                                                  1
1                   51111111111                                         5                                                1111111111111111111111111111111111111111                    1
1                   51111111111                                         5                                                1111111111111111111111111111111111111111                    1
1                   51111111111                                         5                                                1111111111111111111111111111111111111111                    1
1                   51111111111                                         5                                                1111111111111111111111111111111111111111                    1
1                   51111111111                                         5                                                1111111111111111111111111111111111111111                    1
1                   51111111111                                         5                                                1111111111111111111111111111111111111111                    1
1                   51111111111                                         5                                                1111111111111111111111111111111111111111                    1
1                   51111111111                                         5                                                1111111111111111111111111111111111111111                    1
1                   51111111111                                         5                                                1111111111111111111111111111111111111111                    1
1                   51111111111                                         5                                                1111111111111111111111111111111111111111                    1
1                   51111111111                                         5                                                                                                            1
1                   51111111111                                         5                                                                                                            1
1                   51111111111                                          5                                                                                                           1
1                   51111111111                                           5                                                                                                          1
1                   51111111111                                            5                                                                                                         1
1                   51111111111                                             5                                                                                                        1
1                   51111111111                                              5                                                                                                       1
1                   51111111111                                               5                                                                                                      1
1                   51111111111                                                5                                                                                                     1
1                   51111111111                                                 5                                                                                                    1
1                   51111111111111111111111111111111111111111111111111111111111115         1111111111          1111111111          1111111111          1111111111                    1
1                   51111111111111111111111111111111111111111111111111111111111115         1111111111          1111111111          1111111111          1111111111                    1
1                   51111111111111111111111111111111111111111111111111111111111115         1111111111          1111111111          1111111111          1111111111                    1
1                   51111111111111111111111111111111111111111111111111111111111115         1111111111          1111111111          1111111111          1111111111                    1
1                   51111111111111111111111111111111111111111111111111111111111115         1111111111          1111111111          1111111111          1111111111                    1
1                   51111111111111111111111111111111111111111111111111111111111115         1111111111          1111111111          1111111111          1111111111                    1
1                   51111111111111111111111111111111111111111111111111111111111115         1111111111          1111111111          1111111111          1111111111                    1
1                   51111111111111111111111111111111111111111111111111111111111115         1111111111          1111111111          1111111111          1111111111                    1
1                   51111111111111111111111111111111111111111111111111111111111115         1111111111          1111111111          1111111111          1111111111                    1
1                   51111111111111111111111111111111111111111111111111111111111115         1111111111          1111111111          1111111111          1111111111                    1
1                    555555555555555555555555555555555555555555555555555555555555          1111111111                                                                                1
1                                                                                          1111111111                                                                                1
1                                                                                          1111111111                                                                                1
1                                                                                          1111111111                                                                                1
1                                                                                          1111111111                                                                                1
1                                                                                          1111111111                                                                                1
1                                                                                          1111111111                                                                                1
1                                                                                          1111111111                                                                                1
1                                                                                          1111111111                                                                                1
1                                                                                          1111111111                                                                                1
1          1111111111          1111111111          1111111111          1111111111          1111111111          1111111111          1111111111          1111111111                    1
1          1111111111          1111111111          1111111111          1111111111          1111111111          1111111111          1111111111          1111111111                    1
1          1111111111          1111111111          1111111111          1111111111          1111111111          1111111111          1111111111          1111111111                    1
1          1111111111          1111111111          1111111111          1111111111          1111111111          1111111111          1111111111          1111111111                    1
1          1111111111          1111111111          1111111111          1111111111          1111111111          1111111111          1111111111          1111111111                    1
1          1111111111          1111111111          1111111111          1111111111          1111111111          1111111111          1111111111          1111111111                    1
1          1111111111          1111111111          1111111111          1111111111          1111111111          1111111111          1111111111          1111111111                    1
1          1111111111          1111111111          1111111111          1111111111          1111111111          1111111111          1111111111          1111111111                    1
1          1111111111          1111111111          1111111111          1111111111          1111111111          1111111111          1111111111          1111111111                    1
1          1111111111          1111111111          1111111111          1111111111          1111111111          1111111111          1111111111          1111111111                    1
1                                                                                                                                                                                    1
1                                                                                                                                                                                    1
1                                                                                                                                                                                    1
1                                                                                                                                                                                    1
1                                                                                                                                                                                    1
1                                                                                                                                                                                    1
1                                                                                                                                                                                    1
1                                                                                                                                                                                    1
1                                                                                                                                                                                    1
1                                                                                                                                                                                    1
11111111111111111111111111111111111111111111111111111111111111111111111111111111111111111111111111111111111111111111111111111111111111111111111111111111111111111111111111111111111111
